112.679153778      37.720917703       0.00	1.553395	0.000000  1592805777.4913
112.679153779      37.720917702       0.00	1.553465	0.000000  1592805777.5917
112.679153781      37.720917700       0.00	1.553518	0.000000  1592805777.6912
112.679153782      37.720917698       0.00	1.553535	0.000000  1592805777.7911
112.679153784      37.720917696       0.00	1.553500	0.000000  1592805777.8914
112.679153785      37.720917694       0.00	1.553448	0.000000  1592805777.9912
112.679153787      37.720917692       0.00	1.553518	0.000000  1592805778.0916
112.679153771      37.720917711       0.00	1.553483	0.000000  1592805778.1917
112.679153772      37.720917711       0.00	1.553448	0.000000  1592805778.2911
112.679153773      37.720917710       0.00	1.553500	0.000000  1592805778.3915
112.679153774      37.720917709       0.00	1.553552	0.000000  1592805778.4910
112.679153775      37.720917708       0.00	1.553518	0.000000  1592805778.5914
112.679153777      37.720917706       0.00	1.553535	0.000000  1592805778.6919
112.679153779      37.720917705       0.00	1.553570	0.000000  1592805778.7910
112.679153781      37.720917703       0.00	1.553605	0.000000  1592805778.8911
112.679153782      37.720917701       0.00	1.553587	0.000000  1592805778.9915
112.679153784      37.720917699       0.00	1.553552	0.000000  1592805779.0911
112.679153770      37.720917713       0.00	1.553430	0.000000  1592805779.1914
112.679153770      37.720917712       0.00	1.553448	0.000000  1592805779.2916
112.679153771      37.720917710       0.00	1.553430	0.000000  1592805779.3910
112.679153772      37.720917709       0.00	1.553395	0.000000  1592805779.4918
112.679153773      37.720917706       0.00	1.553413	0.000000  1592805779.5916
112.679153774      37.720917704       0.00	1.553378	0.000000  1592805779.6918
112.679153776      37.720917701       0.00	1.553326	0.000000  1592805779.7912
112.679153775      37.720917703       -0.02	1.554146	0.102948  1592805779.8914
112.679153777      37.720917704       -0.03	1.554146	0.165613  1592805779.9917
112.679153778      37.720917700       0.01	1.554251	-0.085044  1592805780.0913
112.679153766      37.720917717       0.03	1.554757	-0.176803  1592805780.1912
112.679153760      37.720917744       0.06	1.558841	-0.362558  1592805780.2921
112.679153755      37.720917790       0.06	1.561668	-0.362558  1592805780.3912
112.679153743      37.720917885       0.09	1.567690	-0.456554  1592805780.4917
112.679153742      37.720918046       0.22	1.572210	-0.443126  1592805780.5913
112.679153740      37.720918177       0.25	1.576870	-0.257371  1592805780.6917
112.679153741      37.720918288       0.24	1.576905	-0.026856  1592805780.7916
112.679153740      37.720918457       0.30	1.577673	-0.064902  1592805780.8914
112.679153739      37.720918660       0.40	1.578790	-0.161137  1592805780.9914
112.679153735      37.720918894       0.52	1.580553	-0.046998  1592805781.0916
112.679153637      37.720919079       0.52	1.583223	-0.046998  1592805781.1916
112.679153624      37.720919364       0.55	1.584253	-0.320036  1592805781.2912
112.679153604      37.720919633       0.52	1.587150	-0.140995  1592805781.3913
112.679153588      37.720919898       0.52	1.588668	-0.163375  1592805781.4916
112.679153568      37.720920195       0.61	1.591409	-0.212611  1592805781.5914
112.679153545      37.720920538       0.67	1.594044	-0.266323  1592805781.6916
112.679153523      37.720920895       0.67	1.597832	-0.266323  1592805781.7918
112.679153490      37.720921248       0.69	1.602771	-0.163375  1592805781.8917
112.679153463      37.720921614       0.72	1.607256	-0.165613  1592805781.9916
112.679153435      37.720921993       0.74	1.609316	-0.118615  1592805782.0911
112.679153641      37.720922598       0.78	1.611375	0.004476  1592805782.1910
112.679153637      37.720923021       0.81	1.609944	0.232753  1592805782.2911
112.679153639      37.720923452       0.81	1.602998	0.487886  1592805782.3920
112.679153635      37.720923911       0.93	1.601584	0.362558  1592805782.4928
112.679153634      37.720924426       0.93	1.599228	0.362558  1592805782.5910
112.679153627      37.720924922       0.89	1.598599	0.400604  1592805782.6910
112.679153627      37.720925366       0.89	1.597901	0.111901  1592805782.7918
112.679153629      37.720925848       0.94	1.597221	-0.138757  1592805782.8914
112.679153622      37.720926394       0.99	1.596610	0.147709  1592805782.9913
112.679153617      37.720926930       0.96	1.596644	0.062664  1592805783.0910
112.679153703      37.720927801       1.02	1.597028	0.196945  1592805783.1911
112.679153707      37.720928374       1.06	1.596138	0.243943  1592805783.2916
112.679153708      37.720928977       1.06	1.595231	0.243943  1592805783.3918
112.679153708      37.720929528       0.98	1.595632	-0.136518  1592805783.4914
112.679153711      37.720930086       1.03	1.595877	0.062664  1592805783.5910
112.679153716      37.720930687       1.08	1.594236	0.038046  1592805783.6912
112.679153717      37.720931272       1.00	1.594393	-0.033570  1592805783.7913
112.679153727      37.720931810       1.02	1.592962	0.344653  1592805783.8910
112.679153747      37.720932368       0.98	1.586818	0.279751  1592805783.9914
112.679153772      37.720932984       1.05	1.578720	0.624405  1592805784.0913
112.679153772      37.720933651       1.05	1.564443	0.624405  1592805784.1913
112.679153830      37.720934298       1.11	1.547653	0.805684  1592805784.2923
112.679153879      37.720934922       1.11	1.536937	0.358082  1592805784.3915
112.679153914      37.720935479       1.02	1.537269	-0.145471  1592805784.4936
112.679153948      37.720936005       1.06	1.537984	-0.516980  1592805784.5917
112.679153984      37.720936603       1.16	1.539642	-0.190231  1592805784.6924
112.679154020      37.720937290       1.19	1.540846	0.223801  1592805784.7914
112.679154073      37.720937991       1.24	1.537269	-0.038046  1592805784.8912
112.679154118      37.720938685       1.24	1.537338	-0.038046  1592805784.9909
112.679154169      37.720939420       1.33	1.535994	-0.044760  1592805785.0911
112.679153986      37.720940335       1.37	1.529362	0.324512  1592805785.1912
112.679154054      37.720941145       1.43	1.518838	1.060817  1592805785.2912
112.679154133      37.720941967       1.45	1.504421	1.427851  1592805785.3913
112.679154232      37.720942749       1.34	1.476496	1.246572  1592805785.4919
112.679154341      37.720943475       1.40	1.447489	0.875062  1592805785.5911
112.679154489      37.720944232       1.42	1.431257	0.588597  1592805785.6909
112.679154645      37.720945038       1.42	1.419756	0.588597  1592805785.7910
112.679154778      37.720945796       1.37	1.410069	0.295417  1592805785.8911
112.679154932      37.720946520       1.38	1.405147	-0.317797  1592805785.9910
112.679155101      37.720947312       1.47	1.399929	-0.445364  1592805786.0915
112.679155473      37.720948733       1.41	1.393855	0.563978  1592805786.1913
112.679155683      37.720949607       1.54	1.386001	0.901918  1592805786.2915
112.679155899      37.720950450       1.47	1.376000	0.434174  1592805786.3914
112.679156118      37.720951281       1.47	1.367273	0.434174  1592805786.4909
112.679156349      37.720952123       1.48	1.358302	0.400604  1592805786.5915
112.679156596      37.720952979       1.50	1.346120	0.669165  1592805786.6910
112.679156846      37.720953819       1.47	1.330587	0.684831  1592805786.7913
112.679157127      37.720954652       1.51	1.309747	1.074245  1592805786.8915
112.679157423      37.720955478       1.48	1.288437	0.933250  1592805786.9916
112.679157719      37.720956274       1.49	1.268627	0.649023  1592805787.0911
112.679157737      37.720957734       1.41	1.257265	0.132043  1592805787.1909
112.679158051      37.720958579       1.50	1.251733	0.355843  1592805787.2919
112.679158371      37.720959438       1.50	1.247631	0.355843  1592805787.3911
112.679158697      37.720960295       1.54	1.243373	0.219325  1592805787.4913
112.679159028      37.720961144       1.56	1.238713	0.102948  1592805787.5910
112.679159368      37.720962011       1.61	1.235239	-0.042522  1592805787.6913
112.679159725      37.720962897       1.53	1.230736	0.792256  1592805787.7910
112.679160099      37.720963790       1.54	1.222621	0.727353  1592805787.8916
112.679160483      37.720964669       1.58	1.209792	0.881776  1592805787.9913
112.679160883      37.720965542       1.58	1.198134	1.123482  1592805788.0911
112.679162124      37.720967391       1.58	1.184171	1.123482  1592805788.1910
112.679162576      37.720968281       1.52	1.169929	0.675879  1592805788.2934
112.679163040      37.720969182       1.55	1.159073	0.380462  1592805788.3909
112.679163522      37.720970098       1.50	1.149369	0.452078  1592805788.4912
112.679164011      37.720970999       1.61	1.135180	0.152185  1592805788.5911
112.679164507      37.720971883       1.60	1.124743	0.214849  1592805788.6911
112.679165005      37.720972768       1.65	1.118215	-0.203659  1592805788.7912
112.679165521      37.720973673       1.64	1.115911	0.089520  1592805788.8911
112.679166045      37.720974599       1.64	1.113171	0.089520  1592805788.9911
112.679166567      37.720975498       1.56	1.106870	0.568455  1592805789.0913
112.679166855      37.720975692       1.52	1.093641	1.295808  1592805789.1913
112.679167369      37.720976505       1.51	1.076746	0.866110  1592805789.2914
112.679167910      37.720977316       1.45	1.056500	0.904157  1592805789.3911
112.679168460      37.720978121       1.44	1.034404	0.749733  1592805789.4914
112.679169009      37.720978898       1.54	1.014333	0.998153  1592805789.5920
112.679169555      37.720979658       1.45	0.996967	0.295417  1592805789.6918
112.679170120      37.720980415       1.45	0.985675	0.295417  1592805789.7912
112.679170696      37.720981186       1.45	0.977367	0.176803  1592805789.8924
112.679171286      37.720981965       1.59	0.974382	0.147709  1592805789.9914
112.679171890      37.720982769       1.54	0.976390	-0.156661  1592805790.0910
112.679172027      37.720982796       1.60	0.978449	0.364796  1592805790.1912
112.679172633      37.720983563       1.47	0.973562	0.816874  1592805790.2912
112.679173213      37.720984278       1.47	0.962567	0.978011  1592805790.3915
112.679173819      37.720984989       1.58	0.945567	0.745257  1592805790.4912
112.679174474      37.720985740       1.58	0.935950	0.745257  1592805790.5913
112.679175125      37.720986496       1.53	0.923925	0.910870  1592805790.6914
112.679175778      37.720987217       1.55	0.907292	0.640071  1592805790.7915
112.679176465      37.720987943       1.59	0.887570	1.119005  1592805790.8921
112.679177196      37.720988685       1.58	0.865648	1.183908  1592805790.9921
112.679177914      37.720989414       1.61	0.847811	0.901918  1592805791.0912
112.679179111      37.720990649       1.69	0.837339	0.476696  1592805791.1910
112.679179896      37.720991385       1.65	0.831422	-0.022380  1592805791.2913
112.679180702      37.720992139       1.65	0.828194	-0.022380  1592805791.3917
112.679181518      37.720992895       1.74	0.824895	0.100710  1592805791.4913
112.679182335      37.720993642       1.63	0.818071	0.467745  1592805791.5910
112.679183160      37.720994371       1.66	0.806709	0.908633  1592805791.6910
112.679184000      37.720995104       1.63	0.793008	0.532647  1592805791.7920
112.679184839      37.720995824       1.68	0.780598	0.682593  1592805791.8914
112.679185704      37.720996546       1.70	0.768748	0.597549  1592805791.9911
112.679186598      37.720997274       1.73	0.757386	0.845968  1592805792.0909
112.679187680      37.720997714       1.66	0.745203	0.525933  1592805792.1913
112.679188605      37.720998390       1.66	0.729391	0.525933  1592805792.2925
112.679189520      37.720999040       1.70	0.708429	1.210763  1592805792.3912
112.679190443      37.720999662       1.69	0.686874	1.351758  1592805792.4922
112.679191373      37.721000276       1.68	0.664499	0.933250  1592805792.5913
112.679192301      37.721000871       1.55	0.647011	0.239467  1592805792.6911
112.679193210      37.721001445       1.51	0.634253	0.602025  1592805792.7915
112.679194131      37.721002005       1.55	0.623711	0.358082  1592805792.8909
112.679195068      37.721002564       1.66	0.611755	0.664689  1592805792.9914
112.679196039      37.721003130       1.66	0.601056	0.664689  1592805793.0913
112.679197543      37.721003583       1.68	0.591841	0.678117  1592805793.1912
112.679198628      37.721004154       1.78	0.578036	0.861635  1592805793.2935
112.679199693      37.721004700       1.73	0.563811	0.745258  1592805793.3913
112.679200746      37.721005223       1.66	0.550547	0.434174  1592805793.4916
112.679201837      37.721005747       1.70	0.539708	0.597549  1592805793.5910
112.679202968      37.721006289       1.76	0.528765	0.646785  1592805793.6912
112.679204126      37.721006834       1.85	0.518817	0.114139  1592805793.7918
112.679205306      37.721007377       1.87	0.515797	0.523695  1592805793.8912
112.679206507      37.721007933       1.87	0.513266	0.523695  1592805793.9910
112.679207709      37.721008482       1.82	0.509514	0.248419  1592805794.0914
112.679208949      37.721008869       1.90	0.505692	0.481172  1592805794.1909
112.679210153      37.721009374       1.89	0.498396	0.268561  1592805794.2926
112.679211387      37.721009881       1.86	0.490699	0.662451  1592805794.3913
112.679212634      37.721010388       1.87	0.481501	0.754210  1592805794.4911
112.679213882      37.721010892       1.81	0.469284	-0.273037  1592805794.5914
112.679215081      37.721011369       1.77	0.462425	0.288703  1592805794.6911
112.679216236      37.721011811       1.77	0.459074	0.288703  1592805794.7909
112.679217397      37.721012262       1.78	0.455880	-0.185755  1592805794.8922
112.679218585      37.721012722       1.73	0.454850	0.000000  1592805794.9917
112.679219811      37.721013192       1.89	0.453000	0.118614  1592805795.0912
112.679219895      37.721013245       1.73	0.445757	0.548313  1592805795.1910
112.679221140      37.721013682       1.75	0.429979	0.485648  1592805795.2911
112.679222341      37.721014083       1.63	0.407133	1.116768  1592805795.3913
112.679223502      37.721014444       1.60	0.384915	0.801208  1592805795.4919
112.679224615      37.721014783       1.60	0.369085	0.801208  1592805795.5915
112.679225744      37.721015112       1.62	0.362645	0.044760  1592805795.6914
112.679226946      37.721015462       1.69	0.355820	-0.071616  1592805795.7914
112.679228216      37.721015829       1.94	0.351736	0.438650  1592805795.8909
112.679229505      37.721016199       1.83	0.348280	1.029485  1592805795.9924
112.679230742      37.721016541       1.84	0.337948	0.843730  1592805796.0910
112.679230845      37.721016528       1.81	0.325137	0.490124  1592805796.1912
112.679232024      37.721016823       1.82	0.315556	0.360320  1592805796.2922
112.679233260      37.721017122       1.75	0.309394	0.537122  1592805796.3914
112.679234497      37.721017416       1.75	0.295449	0.537122  1592805796.4910
112.679235689      37.721017675       1.72	0.274470	0.886252  1592805796.5911
112.679236868      37.721017903       1.72	0.252898	1.027247  1592805796.6915
112.679238053      37.721018124       1.75	0.236859	1.230906  1592805796.7916
112.679239248      37.721018337       1.75	0.224310	0.765400  1592805796.8914
112.679240459      37.721018544       1.67	0.216089	0.232753  1592805796.9910
112.679241667      37.721018750       1.75	0.208776	0.810160  1592805797.0910
112.679243705      37.721020016       1.67	0.201132	1.009343  1592805797.1910
112.679244922      37.721020209       1.67	0.186506	1.009343  1592805797.2910
112.679246153      37.721020380       1.71	0.163625	0.989201  1592805797.3910
112.679247378      37.721020533       1.72	0.128875	1.403233  1592805797.4915
112.679248572      37.721020656       1.70	0.097930	1.076483  1592805797.5910
112.679249699      37.721020764       1.60	0.080372	0.402842  1592805797.6910
112.679250800      37.721020863       1.41	0.077091	0.461030  1592805797.7909
112.679251889      37.721020947       1.51	0.069115	-0.076092  1592805797.8910
112.679253026      37.721021034       1.51	0.059132	-0.076092  1592805797.9915
112.679254238      37.721021110       1.67	0.049236	0.534885  1592805798.0915
112.679254440      37.721020988       1.75	0.036425	0.787780  1592805798.1913
112.679255628      37.721021030       1.65	0.023963	0.340177  1592805798.2911
112.679256754      37.721021064       1.58	0.020700	0.290942  1592805798.3911
112.679257822      37.721021099       1.58	0.018169	-0.208135  1592805798.4918
112.679258870      37.721021134       1.58	0.018535	-0.519219  1592805798.5915
112.679259957      37.721021186       1.61	0.026232	-0.841492  1592805798.6914
112.679261105      37.721021247       1.61	0.034348	-0.841492  1592805798.7930
112.679262186      37.721021295       1.55	0.038153	-0.201421  1592805798.8940
112.679263176      37.721021343       1.42	0.037612	-0.067140  1592805798.9913
112.679264166      37.721021377       1.35	0.030822	0.420746  1592805799.0932
112.679264512      37.721021316       1.42	0.025953	0.617691  1592805799.1918
112.679265503      37.721021324       1.43	0.019862	0.716163  1592805799.2911
112.679266457      37.721021325       1.36	0.010978	0.308846  1592805799.3911
112.679267392      37.721021325       1.40	0.005219	0.230515  1592805799.4912
112.679268331      37.721021324       1.40	0.001326	0.230515  1592805799.5918
112.679269254      37.721021325       1.34	-0.003508	-0.015666  1592805799.6911
112.679270137      37.721021326       1.39	-0.005306	-0.210373  1592805799.7912
112.679271070      37.721021330       1.39	-0.004276	-0.387176  1592805799.8915
112.679272092      37.721021343       1.47	0.000855	-0.143233  1592805799.9913
112.679273123      37.721021355       1.51	0.003194	-0.226039  1592805800.0911
112.679273944      37.721021629       1.36	0.005114	-0.431936  1592805800.1916
112.679274831      37.721021629       1.40	0.005812	0.243943  1592805800.2918
112.679275717      37.721021617       1.40	0.001239	0.243943  1592805800.3915
112.679276644      37.721021612       1.40	0.000419	0.181279  1592805800.4917
112.679277579      37.721021605       1.36	-0.000628	0.340178  1592805800.5927
112.679278487      37.721021609       1.35	0.002199	-0.440888  1592805800.6915
112.679279403      37.721021617       1.40	0.007645	-0.196945  1592805800.7925
112.679280388      37.721021626       1.50	0.011798	-0.337940  1592805800.8912
112.679281459      37.721021637       1.58	0.016092	-0.105187  1592805800.9911
112.679282563      37.721021652       1.58	0.020787	-0.105187  1592805801.0910
112.679283724      37.721022408       1.62	0.023021	-0.044760  1592805801.1916
112.679284756      37.721022429       1.53	0.022724	0.349130  1592805801.2912
112.679285751      37.721022458       1.52	0.023457	-0.058188  1592805801.3914
112.679286718      37.721022485       1.48	0.024085	-0.145471  1592805801.4917
112.679287687      37.721022516       1.48	0.026023	-0.071617  1592805801.5911
112.679288671      37.721022543       1.53	0.025534	0.214849  1592805801.6914
112.679289664      37.721022572       1.44	0.026180	-0.344653  1592805801.7926
112.679290667      37.721022604       1.44	0.026826	-0.344653  1592805801.8912
112.679291669      37.721022635       1.55	0.027454	-0.158898  1592805801.9913
112.679292669      37.721022663       1.53	0.026512	0.116377  1592805802.0916
112.679294203      37.721023453       1.50	0.026948	-0.170088  1592805802.1911
112.679295274      37.721023505       1.61	0.029252	-0.132042  1592805802.2914
112.679296373      37.721023564       1.56	0.034627	-0.281989  1592805802.3915
112.679297461      37.721023622       1.56	0.039462	-0.745258  1592805802.4912
112.679298539      37.721023682       1.57	0.043424	0.185755  1592805802.5920
112.679299604      37.721023743       1.56	0.046321	0.102948  1592805802.6912
112.679300664      37.721023801       1.56	0.046373	0.102948  1592805802.7910
112.679301729      37.721023852       1.58	0.041294	0.313322  1592805802.8914
112.679302787      37.721023899       1.58	0.036879	0.602025  1592805802.9911
112.679303828      37.721023949       1.47	0.034680	0.017904  1592805803.0923
112.679305340      37.721024348       1.55	0.032323	0.340178  1592805803.1913
112.679306382      37.721024380       1.50	0.029915	0.093997  1592805803.2914
112.679307420      37.721024414       1.56	0.027349	-0.264085  1592805803.3914
112.679308474      37.721024449       1.50	0.027349	0.170088  1592805803.4911
112.679309526      37.721024485       1.50	0.027367	0.170088  1592805803.5916
112.679310557      37.721024520       1.51	0.026372	-0.020142  1592805803.6914
112.679311601      37.721024556       1.50	0.025709	0.465506  1592805803.7912
112.679312664      37.721024591       1.53	0.025482	0.194707  1592805803.8911
112.679313715      37.721024625       1.46	0.024382	-0.089521  1592805803.9921
112.679314762      37.721024651       1.52	0.022026	0.364796  1592805804.0917
112.679315608      37.721025342       1.54	0.023073	-0.020142  1592805804.1924
112.679316652      37.721025378       1.37	0.022131	0.046998  1592805804.2919
112.679317672      37.721025415       1.37	0.020036	0.046998  1592805804.3917
112.679318681      37.721025447       1.41	0.017767	0.031332  1592805804.4911
112.679319713      37.721025484       1.49	0.018151	0.221563  1592805804.5911
112.679320780      37.721025525       1.56	0.019967	-0.123091  1592805804.6909
112.679321864      37.721025564       1.46	0.021520	-0.212611  1592805804.7917
112.679322922      37.721025604       1.51	0.022951	0.152185  1592805804.8919
112.679323961      37.721025643       1.49	0.022497	-0.165613  1592805804.9919
112.679324985      37.721025686       1.49	0.023422	0.221563  1592805805.0913
112.679326336      37.721026240       1.49	0.022323	0.221563  1592805805.1911
112.679327399      37.721026274       1.45	0.021468	0.089520  1592805805.2912
112.679328471      37.721026307       1.45	0.020438	0.176803  1592805805.3912
112.679329513      37.721026338       1.41	0.017750	-0.250657  1592805805.4918
112.679330542      37.721026363       1.46	0.015499	0.089520  1592805805.5911
112.679331587      37.721026398       1.45	0.015289	-0.331226  1592805805.6911
112.679332676      37.721026436       1.48	0.018762	-0.420746  1592805805.7927
112.679333771      37.721026474       1.49	0.020089	-0.127567  1592805805.8932
112.679334843      37.721026510       1.49	0.020926	-0.127567  1592805805.9914
112.679335887      37.721026545       1.47	0.019914	0.429698  1592805806.0915
112.679335895      37.721026946       1.45	0.020909	-0.071617  1592805806.1913
112.679336780      37.721026962       1.18	0.019425	-0.046998  1592805806.2912
112.679337518      37.721026978       0.97	0.019268	0.053712  1592805806.3916
112.679338041      37.721026994       0.71	0.018343	0.114138  1592805806.4913
112.679338363      37.721027006       0.42	0.017837	-0.040284  1592805806.5921
112.679338502      37.721027019       0.18	0.016930	-0.078330  1592805806.6910
112.679338485      37.721027032       0.18	0.016965	-0.078330  1592805806.7912
112.679338481      37.721027042       0.18	0.016284	-0.078330  1592805806.8922
112.679338526      37.721027057       0.10	0.016947	-0.602025  1592805806.9913
112.679338552      37.721027067       0.10	0.016493	-0.602025  1592805807.0915
112.679338578      37.721027079       0.10	0.016633	-0.602025  1592805807.1912
112.679338590      37.721027083       0.10	0.016668	-0.602025  1592805807.2913
112.679338604      37.721027088       0.10	0.016650	-0.602025  1592805807.3915
112.679338616      37.721027092       0.10	0.016633	-0.602025  1592805807.4915
112.679338628      37.721027096       0.10	0.016633	-0.602025  1592805807.5910
112.679338639      37.721027100       0.10	0.016720	-0.602025  1592805807.6909
112.679338650      37.721027103       0.10	0.016738	-0.602025  1592805807.7912
112.679338661      37.721027105       0.10	0.016738	-0.602025  1592805807.8916
112.679338671      37.721027108       0.10	0.016738	-0.602025  1592805807.9916
112.679338681      37.721027110       0.10	0.016755	-0.602025  1592805808.0916
112.679338568      37.721027073       0.10	0.016825	-0.602025  1592805808.1963
112.679338566      37.721027071       0.10	0.016877	-0.602025  1592805808.2914
112.679338563      37.721027068       0.10	0.016842	-0.602025  1592805808.3913
112.679338559      37.721027065       0.10	0.016895	-0.602025  1592805808.4917
112.679338555      37.721027062       0.10	0.016930	-0.602025  1592805808.5916
112.679338550      37.721027058       0.10	0.016895	-0.602025  1592805808.6913
112.679338544      37.721027054       0.10	0.016877	-0.602025  1592805808.7915
112.679338537      37.721027049       0.10	0.016947	-0.602025  1592805808.8928
112.679338530      37.721027043       0.10	0.016965	-0.602025  1592805808.9910
112.679338521      37.721027037       0.10	0.016965	-0.602025  1592805809.0912
112.679338514      37.721027046       0.10	0.017017	-0.602025  1592805809.1910
112.679338505      37.721027040       0.10	0.017034	-0.602025  1592805809.2911
112.679338495      37.721027034       0.10	0.017034	-0.602025  1592805809.3914
112.679338484      37.721027028       0.10	0.017017	-0.602025  1592805809.4919
112.679338472      37.721027021       0.10	0.016965	-0.602025  1592805809.5914
112.679338459      37.721027014       0.10	0.017034	-0.602025  1592805809.6911
112.679338445      37.721027006       0.10	0.017052	-0.602025  1592805809.7913
112.679338430      37.721026998       0.10	0.017069	-0.602025  1592805809.8932
112.679338414      37.721026990       0.10	0.017122	-0.602025  1592805809.9931
112.679338398      37.721026981       0.10	0.017104	-0.602025  1592805810.0912
112.679338473      37.721027025       0.10	0.017069	-0.602025  1592805810.1917
112.679338473      37.721027025       0.10	0.017069	-0.602025  1592805810.2907
